<?xml version="1.0" standalone="no"?>
<!DOCTYPE svg PUBLIC "-//W3C//DTD SVG 20010904//EN"
 "http://www.w3.org/TR/2001/REC-SVG-20010904/DTD/svg10.dtd">
<svg version="1.0" xmlns="http://www.w3.org/2000/svg"
 width="74.000000pt" height="74.000000pt" viewBox="0 0 74.000000 74.000000"
 preserveAspectRatio="xMidYMid meet">

<g transform="translate(0.000000,74.000000) scale(0.100000,-0.100000)"
fill="#000000" stroke="none">
<path d="M99 541 c-20 -16 -22 -22 -11 -33 10 -10 16 -10 32 0 11 6 29 12 40
12 13 0 20 7 20 20 0 27 -49 27 -81 1z"/>
<path d="M210 540 c0 -17 7 -20 50 -20 43 0 50 3 50 20 0 17 -7 20 -50 20 -43
0 -50 -3 -50 -20z"/>
<path d="M335 550 c-11 -18 10 -32 41 -28 40 4 38 32 -3 36 -17 2 -34 -2 -38
-8z"/>
<path d="M83 464 c-8 -21 41 -67 66 -62 28 6 22 32 -11 53 -48 28 -47 28 -55
9z"/>
<path d="M195 420 c-11 -17 15 -37 56 -44 28 -5 38 -3 42 9 10 25 -84 58 -98
35z"/>
<path d="M327 393 c-17 -16 -4 -33 33 -43 22 -6 45 -8 50 -5 21 13 8 35 -27
44 -45 13 -48 13 -56 4z"/>
<path d="M447 356 c-8 -19 19 -35 63 -38 37 -3 51 16 23 30 -38 20 -80 24 -86
8z"/>
<path d="M573 325 c-3 -9 -4 -17 -2 -18 2 -1 19 -12 37 -25 52 -37 76 -2 26
37 -32 25 -52 27 -61 6z"/>
<path d="M620 236 c-7 -9 -23 -16 -36 -16 -17 0 -24 -6 -24 -20 0 -28 60 -28
85 0 17 18 17 22 3 36 -13 13 -16 13 -28 0z"/>
<path d="M335 210 c-11 -18 10 -32 41 -28 40 4 38 32 -3 36 -17 2 -34 -2 -38
-8z"/>
<path d="M435 210 c-12 -19 6 -30 51 -30 37 0 44 3 44 20 0 17 -7 20 -44 20
-25 0 -48 -4 -51 -10z"/>
<path d="M123 155 c-13 -28 -14 -37 -4 -49 31 -38 131 -38 162 0 10 12 9 21
-4 49 -17 35 -31 43 -42 25 -3 -5 -19 -10 -35 -10 -16 0 -32 5 -35 10 -11 18
-25 10 -42 -25z"/>
</g>
</svg>
